1
10 70
0000000000000000000000000000000000000000000000000000000000000000000000
0000000000000000000000000000000000000000000000000000000000000000000000
0000000110010100011010001101011110110111001001100100110111011000000000
0000000110010100011010001101011110110111001001100100110111011000000000
0000000110010100011010001101011110110111001001100100110111011000000000
0000000110010100011010001101011110110111001001100100110111011000000000
0000000110010100011010001101011110110111001001100100110111011000000000
0000000110010100011010001101011110110111001001100100110111011000000000
0000000000000000000000000000000000000000000000000000000000000000000000
0000000000000000000000000000000000000000000000000000000000000000000000